TERRITORY ID, SUPPLY, POWER, NAME, HASCASTLE, HASSTRONGHOLD, WATER, POSX, POSY, NEIGHBORS, BASE SCALE 1000x1800...should probably increase that.

1,0,0,Bay of Ice,0,0,1,20,260,2,4,6,9,10,11
2,0,1,Castle Black,0,0,0,520,170,1,3,4,5
3,0,0,The Shivering Sea,0,0,1,830,480,2,4,5,7,8,13
4,1,1,Winterfell,1,0,0,338,424,1,2,3,5,6,7,12
5,0,1,Karhold,0,0,0,650,277,2,3,4
6,1,0,The Stony Shore,0,0,0,188,492,1,4
7,0,0,White Harbor,0,1,0,535,485,3,4,8,12,13
8,1,0,Widow's Watch,0,0,0,635,535,3,7,13
9,0,0,Sunset Sea,0,0,1,20,705,1,10,14,34,19
10,0,0,Flint's Finger,0,1,0,178,720,1,9,11,14
11,1,0,Greywater Watch,0,0,0,268,700,1,10,12,14,16
12,0,0,Moat Cailin,0,1,0,385,720,4,7,11,13,16,17
13,0,0,The Narrow Sea,0,0,1,830,670,3,7,8,12,17,18,22,23,27,31
14,0,0,Ironman's Bay,0,0,1,123,804,9,10,11,15,16,19,21
15,1,1,Pike,1,0,2,80,850,14
16,1,1,Seagard,1,0,0,277,805,11,12,14,17,21
17,0,1,The Twins,0,0,0,432,830,12,13,16,18,22
18,1,0,The Fingers,0,0,0,605,793,13,17,22
19,0,0,The Golden Sound,0,0,1,37,1159,9,14,20,21
20,2,0,Lannisport,1,0,0,235,1014,19,21,24,25
21,1,1,Riverrun,1,0,0,352,980,16,19,20,22,25,26
22,1,0,The Mountains of the Moon,0,0,0,540,904,13,17,18,23,27
23,1,1,The Eyrie,0,1,0,666,985,13,22
24,1,0,Searoad Marches,0,0,0,196,1204,14,19,20,25,28,33,34,35
25,0,1,Stoney Sept,0,0,0,345,1088,20,21,24,26,28
26,0,1,Harrenhal,0,1,0,458,1055,21,25,27,28
27,0,0,Crackclaw Point,0,1,0,577,1108,13,22,26,28,29,30,31
28,2,0,Blackwater,0,0,0,379,1217,24,25,26,27,29,35
29,0,2,King's Landing,1,0,0,554,1236,27,28,30,35,36
30,0,0,Blackwater Bay,0,0,1,677,1165,27,29,31,36
31,0,0,Shipbreaker Bay,0,0,1,828,1278,13,27,30,32,36,41,42
32,1,1,Dragonstone,1,0,2,842,1052,31
33,0,0,West Summer Sea,0,0,1,248,1725,9,24,34
34,2,0,Highgarden,1,0,0,176,1331,24,33,35,37,38,39
35,0,0,The Reach,0,1,0,414,1357,24,28,29,36,39,40
36,1,1,Kingswood,0,0,0,675,1279,29,30,31,35,40,41
37,0,0,Redwyne Straights,0,0,1,72,1629,33,34,38,43
38,0,0,Oldtown,1,0,0,180,1486,34,37,39,42
39,0,1,Dornish Marches,0,0,0,352,1425,34,35,40,42,43
40,0,1,The Boneway,0,0,0,527,1443,35,36,39,41,44,45,46
41,0,0,Storms End,0,1,0,630,1433,31,36,40,42,46
42,0,0,East Summer Sea,0,0,1,658,1725,31,41,46,47,49,50
43,1,0,Three Towers,0,0,0,247,1561,33,37,38,39,44
44,1,1,Prince's Pass,0,0,0,353,1498,39,40,43,49
45,0,0,Yronwood,0,1,0,422,1593,40,44,46,47,49,50
46,0,0,Sea of Dorne,0,0,0,603,1528,40,41,42,45,47
47,1,1,Sunspear,1,0,0,670,1585,42,44,45,46,50
48,0,1,The Arbor,0,0,2,50,1692,33,37
49,1,0,Starfall,0,1,0,320,1677,33,44,45,50
50,1,0,Salt Shore,0,0,0,550,1645,42,45,47,49
51,0,0,Winterfell Port,0,0,3,220,295,1
52,0,0,White Harbor Port,0,0,3,540,635,13
53,0,0,Pike Port,0,0,3,195,820,15
54,0,0,Lannisport Port,0,0,3,150,1051,19
55,0,0,Dragonstone Port,0,0,3,840,1172,32
56,0,0,Storms End Port,0,0,3,705,1370,31
57,0,0,Oldtown Port,0,0,3,94,1468,37
58,0,0,Sunspear Port,0,0,3,805,1615,42

